1,0,-15,4,20,0,-264,644,-373,-908,1017,-109,0,0,0
2,1249,-9,-4,23,0,-468,614,-145,-1082,759,323,0,0,0
3,2498,-1,-12,23,0,-605,494,101,-1099,393,706,0,0,0
4,3747,6,-16,20,0,-645,303,338,-948,-35,983,0,0,0
5,4996,15,-19,14,0,-583,67,524,-650,-457,1107,0,0,0
6,6245,21,-18,6,0,-437,-184,629,-253,-813,1066,0,0,0
7,7494,24,-13,0,0,-225,-407,634,182,-1041,859,0,0,0
8,8743,24,-5,-9,0,17,-571,540,588,-1111,523,0,0,0
9,9992,21,2,-14,0,262,-646,372,908,-1018,110,0,0,0
10,11241,15,11,-17,0,467,-615,145,1082,-760,-322,0,0,0
11,12490,7,19,-18,0,604,-495,-102,1099,-393,-706,0,0,0
12,13739,0,24,-14,0,644,-304,-339,948,35,-983,0,0,0
13,14988,-8,26,-8,0,581,-68,-525,649,457,-1106,0,0,0
14,16237,-15,26,-1,0,436,183,-631,253,814,-1067,0,0,0
15,17486,-17,21,6,0,224,406,-635,-182,1041,-859,0,0,0
16,18735,-18,13,14,0,-18,570,-541,-588,1111,-523,0,0,0
17,19984,-15,4,20,0,-264,644,-372,-908,1016,-108,0,0,0
18,21233,-9,-4,23,0,-468,615,-146,-1083,761,322,0,0,0
19,22482,-1,-12,23,0,-605,494,101,-1099,393,706,0,0,0
20,23731,6,-16,20,0,-645,303,338,-948,-35,983,0,0,0
21,24980,14,-18,14,0,-583,67,524,-650,-457,1107,0,0,0
22,26229,21,-18,7,0,-437,-184,629,-253,-813,1066,0,0,0
23,27478,24,-13,0,0,-225,-407,634,182,-1041,859,0,0,0
24,28727,24,-5,-8,0,16,-571,540,587,-1111,524,0,0,0
25,29976,21,2,-14,0,262,-645,372,907,-1017,110,0,0,0
26,31225,15,11,-17,0,467,-616,145,1083,-761,-322,0,0,0
27,32474,7,19,-18,0,604,-495,-102,1099,-393,-706,0,0,0
28,33723,0,24,-14,1,644,-304,-339,948,35,-983,0,0,0
29,34972,-8,26,-8,0,581,-69,-525,650,456,-1106,0,0,0
30,36221,-15,26,0,0,436,182,-631,254,813,-1067,0,0,0
31,37470,-18,20,6,0,224,406,-635,-182,1041,-859,0,0,0
32,38719,-18,13,14,0,-18,570,-541,-588,1111,-523,0,0,0
33,39968,-15,4,20,0,-263,644,-372,-907,1016,-109,0,0,0
34,41217,-9,-3,23,0,-468,615,-146,-1083,761,322,0,0,0
35,42466,-1,-12,23,0,-605,494,101,-1099,393,706,0,0,0
36,43715,6,-16,20,0,-645,303,338,-948,-35,983,0,0,0
37,44964,14,-19,14,0,-583,67,523,-650,-456,1106,0,0,0
38,46213,21,-18,6,0,-437,-183,629,-254,-812,1066,0,0,0
39,47462,24,-13,0,0,-225,-407,634,182,-1041,859,0,0,0
40,48711,24,-5,-9,0,17,-571,540,588,-1111,523,0,0,0
41,49960,22,2,-14,0,262,-645,372,907,-1017,110,0,0,0
42,51209,15,11,-17,0,467,-616,145,1083,-761,-322,0,0,0
43,52458,7,19,-18,0,604,-495,-102,1099,-393,-706,0,0,0
44,53707,0,24,-14,1,644,-304,-339,948,35,-983,0,0,0
45,54956,-8,26,-8,0,582,-69,-525,651,456,-1107,0,0,0
46,56205,-15,26,-1,0,436,182,-631,254,813,-1067,0,0,0
47,57454,-17,21,6,0,224,406,-635,-182,1041,-859,0,0,0
48,58703,-18,13,14,0,-17,570,-541,-587,1111,-524,0,0,0
49,59952,-15,4,20,0,-263,644,-372,-907,1016,-109,0,0,0
50,61201,-9,-4,23,0,-468,615,-146,-1083,761,322,0,0,0
51,62450,-1,-12,24,0,-605,493,101,-1098,392,706,0,0,0
52,63699,6,-16,20,0,-645,303,338,-948,-35,983,0,0,0
53,64948,14,-19,14,0,-583,67,524,-650,-457,1107,0,0,0
54,66197,21,-18,6,0,-437,-183,629,-254,-812,1066,0,0,0
55,67446,24,-13,0,0,-225,-407,634,182,-1041,859,0,0,0
56,68695,24,-5,-9,0,16,-571,540,587,-1111,524,0,0,0
57,69944,21,2,-14,0,262,-645,372,907,-1017,110,0,0,0
58,71193,15,11,-17,0,467,-616,145,1083,-761,-322,0,0,0
59,72442,7,19,-18,0,603,-495,-102,1098,-393,-705,0,0,0
60,73691,0,24,-14,0,644,-304,-339,948,35,-983,0,0,0
61,74940,-8,26,-8,0,581,-69,-524,650,455,-1105,0,0,0
62,76189,-15,25,-1,0,436,182,-630,254,812,-1066,0,0,0
63,77438,-18,21,6,0,224,406,-635,-182,1041,-859,0,0,0
64,78687,-18,13,14,0,-17,570,-541,-587,1111,-524,0,0,0
65,79936,-15,4,20,0,-263,644,-373,-907,1017,-110,0,0,0
66,81185,-9,-4,23,0,-468,615,-146,-1083,761,322,0,0,0
67,82434,-1,-12,23,0,-605,494,100,-1099,394,705,0,0,0
68,83683,6,-16,20,0,-645,303,338,-948,-35,983,0,0,0
69,84932,14,-19,14,0,-583,68,523,-651,-455,1106,0,0,0
70,86181,21,-18,7,0,-437,-183,629,-254,-812,1066,0,0,0
71,87430,24,-13,0,0,-226,-407,634,181,-1041,860,0,0,0
72,88679,24,-5,-8,0,16,-571,540,587,-1111,524,0,0,0
73,89928,22,2,-14,0,262,-646,372,908,-1018,110,0,0,0
74,91177,16,11,-17,0,467,-616,145,1083,-761,-322,0,0,0
75,92426,8,19,-18,0,603,-495,-102,1098,-393,-705,0,0,0
76,93675,0,24,-14,0,644,-304,-339,948,35,-983,0,0,0
77,94924,-8,26,-8,1,581,-69,-524,650,455,-1105,0,0,0
78,96173,-14,26,-1,0,436,182,-630,254,812,-1066,0,0,0
79,97422,-18,21,6,0,224,406,-634,-182,1040,-858,0,0,0
80,98671,-18,13,14,0,-17,569,-541,-586,1110,-524,0,0,0
81,99920,-15,5,19,0,-263,644,-373,-907,1017,-110,0,0,0
82,101169,-9,-3,23,0,-468,615,-146,-1083,761,322,0,0,0
83,102418,-1,-12,24,0,-605,494,101,-1099,393,706,0,0,0
84,103667,5,-16,20,0,-645,303,338,-948,-35,983,0,0,0
85,104916,14,-19,14,0,-583,67,523,-650,-456,1106,0,0,0
86,106165,21,-18,7,0,-437,-183,629,-254,-812,1066,0,0,0
87,107414,23,-13,0,0,-225,-407,634,182,-1041,859,0,0,0
88,108663,24,-5,-8,0,16,-571,540,587,-1111,524,0,0,0
89,109912,22,2,-14,0,262,-645,372,907,-1017,110,0,0,0
90,111161,15,11,-17,0,467,-616,145,1083,-761,-322,0,0,0
91,112410,7,19,-18,0,603,-495,-102,1098,-393,-705,0,0,0
92,113659,0,24,-14,0,644,-304,-339,948,35,-983,0,0,0
93,114908,-8,26,-8,1,581,-68,-524,649,456,-1105,0,0,0
94,116157,-15,26,-1,0,436,182,-631,254,813,-1067,0,0,0
95,117406,-17,21,6,0,224,406,-635,-182,1041,-859,0,0,0
96,118655,-18,13,14,0,-17,569,-541,-586,1110,-524,0,0,0
97,119904,-15,5,20,0,-263,644,-373,-907,1017,-110,0,0,0
98,121153,-9,-3,23,0,-468,615,-146,-1083,761,322,0,0,0
99,122402,-1,-12,23,0,-605,494,101,-1099,393,706,0,0,0
100,123651,6,-16,20,0,-645,303,338,-948,-35,983,0,0,0
101,124900,14,-19,14,0,-583,68,523,-651,-455,1106,0,0,0
102,126149,21,-18,7,0,-437,-183,629,-254,-812,1066,0,0,0
103,127398,23,-13,0,0,-225,-407,634,182,-1041,859,0,0,0
104,128647,24,-5,-8,0,16,-571,540,587,-1111,524,0,0,0
105,129896,21,2,-14,0,262,-645,372,907,-1017,110,0,0,0
106,131145,15,11,-17,0,467,-616,145,1083,-761,-322,0,0,0
107,132394,7,19,-18,0,603,-495,-101,1098,-394,-704,0,0,0
108,133643,0,24,-14,1,644,-304,-339,948,35,-983,0,0,0
109,134892,-8,26,-8,0,581,-69,-524,650,455,-1105,0,0,0
110,136141,-15,25,-1,1,436,182,-631,254,813,-1067,0,0,0
111,137390,-17,21,6,0,224,405,-635,-181,1040,-859,0,0,0
112,138639,-18,13,14,0,-17,569,-541,-586,1110,-524,0,0,0
113,139888,-15,5,20,0,-263,644,-373,-907,1017,-110,0,0,0
114,141137,-9,-3,23,0,-468,615,-146,-1083,761,322,0,0,0
115,142386,-1,-12,23,0,-604,494,100,-1098,394,704,0,0,0
116,143635,6,-16,20,0,-645,303,338,-948,-35,983,0,0,0
117,144884,14,-18,14,0,-583,68,523,-651,-455,1106,0,0,0
118,146133,21,-18,7,0,-437,-183,629,-254,-812,1066,0,0,0
119,147382,24,-13,0,0,-226,-407,634,181,-1041,860,0,0,0
120,148631,24,-5,-8,0,16,-571,540,587,-1111,524,0,0,0
121,149880,21,2,-14,0,262,-645,372,907,-1017,110,0,0,0
122,151129,15,11,-17,0,466,-616,145,1082,-761,-321,0,0,0
123,152378,7,19,-18,0,603,-495,-101,1098,-394,-704,0,0,0
124,153627,0,24,-14,1,644,-304,-339,948,35,-983,0,0,0
125,154876,-8,26,-8,0,582,-69,-524,651,455,-1106,0,0,0
126,156125,-15,25,-1,1,436,182,-631,254,813,-1067,0,0,0
127,157374,-17,20,6,0,224,405,-635,-181,1040,-859,0,0,0
128,158623,-18,13,14,0,-17,569,-542,-586,1111,-525,0,0,0
129,159872,-15,5,20,0,-263,644,-373,-907,1017,-110,0,0,0
130,161121,-9,-4,23,0,-468,614,-146,-1082,760,322,0,0,0
131,162370,-1,-12,23,0,-605,494,100,-1099,394,705,0,0,0
132,163619,5,-16,20,0,-645,303,338,-948,-35,983,0,0,0
133,164868,14,-18,14,0,-583,68,523,-651,-455,1106,0,0,0
134,166117,21,-18,7,0,-437,-183,629,-254,-812,1066,0,0,0
135,167366,24,-13,0,0,-226,-407,634,181,-1041,860,0,0,0
136,168615,24,-5,-8,0,16,-571,541,587,-1112,525,0,0,0
137,169864,21,2,-14,0,262,-645,372,907,-1017,110,0,0,0
138,171113,15,11,-17,0,466,-616,145,1082,-761,-321,0,0,0
139,172362,7,19,-18,0,603,-495,-101,1098,-394,-704,0,0,0
140,173611,0,23,-14,0,644,-305,-339,949,34,-983,0,0,0
141,174860,-8,26,-8,0,582,-69,-524,651,455,-1106,0,0,0
142,176109,-14,25,-1,0,436,182,-631,254,813,-1067,0,0,0
143,177358,-17,21,6,0,224,405,-635,-181,1040,-859,0,0,0
144,178607,-18,13,14,0,-17,569,-542,-586,1111,-525,0,0,0
145,179856,-15,5,20,0,-263,644,-373,-907,1017,-110,0,0,0
146,181105,-9,-3,23,0,-467,615,-146,-1082,761,321,0,0,0
147,182354,-1,-12,23,0,-604,494,100,-1098,394,704,0,0,0
148,183603,5,-16,20,0,-645,303,338,-948,-35,983,0,0,0
149,184852,14,-18,14,0,-583,68,523,-651,-455,1106,0,0,0
150,186101,21,-18,7,0,-437,-183,629,-254,-812,1066,0,0,0
151,187350,23,-13,0,0,-226,-407,634,181,-1041,860,0,0,0
152,188599,24,-5,-8,0,16,-570,540,586,-1110,524,0,0,0
153,189848,21,2,-14,0,262,-645,372,907,-1017,110,0,0,0
154,191097,16,11,-17,0,466,-616,145,1082,-761,-321,0,0,0
155,192346,7,19,-18,0,603,-495,-101,1098,-394,-704,0,0,0
156,193595,0,24,-14,0,644,-305,-339,949,34,-983,0,0,0
157,194844,-8,26,-8,0,582,-69,-524,651,455,-1106,0,0,0
158,196093,-15,25,-1,0,436,182,-630,254,812,-1066,0,0,0
159,197342,-17,21,6,0,225,405,-635,-180,1040,-860,0,0,0
160,198591,-18,13,14,0,-17,569,-541,-586,1110,-524,0,0,0
161,199840,-15,4,20,0,-263,644,-373,-907,1017,-110,0,0,0
162,201089,-9,-3,23,0,-467,615,-146,-1082,761,321,0,0,0
163,202338,-1,-12,23,0,-604,494,100,-1098,394,704,0,0,0
164,203587,5,-16,20,0,-645,303,337,-948,-34,982,0,0,0
165,204836,14,-18,14,0,-583,68,523,-651,-455,1106,0,0,0
166,206085,21,-18,7,0,-437,-183,629,-254,-812,1066,0,0,0
167,207334,24,-13,0,0,-226,-406,634,180,-1040,860,0,0,0
168,208583,24,-5,-8,0,16,-570,540,586,-1110,524,0,0,0
169,209832,21,2,-14,0,261,-645,372,906,-1017,111,0,0,0
170,211081,15,11,-17,0,466,-616,145,1082,-761,-321,0,0,0
171,212330,8,19,-17,0,603,-495,-101,1098,-394,-704,0,0,0
172,213579,0,24,-14,1,644,-305,-338,949,33,-982,0,0,0
173,214828,-8,26,-8,0,582,-69,-524,651,455,-1106,0,0,0
174,216077,-15,25,-1,0,436,182,-630,254,812,-1066,0,0,0
175,217326,-17,21,6,0,225,405,-635,-180,1040,-860,0,0,0
176,218575,-18,13,14,0,-17,569,-542,-586,1111,-525,0,0,0
177,219824,-15,5,20,0,-263,644,-373,-907,1017,-110,0,0,0
178,221073,-9,-3,23,0,-467,615,-147,-1082,762,320,0,0,0
179,222322,-1,-12,23,0,-604,494,100,-1098,394,704,0,0,0
180,223571,5,-16,20,0,-645,303,337,-948,-34,982,0,0,0
181,224820,14,-18,14,0,-583,68,523,-651,-455,1106,0,0,0
182,226069,21,-18,7,0,-438,-183,629,-255,-812,1067,0,0,0
183,227318,23,-13,0,0,-226,-406,634,180,-1040,860,0,0,0
184,228567,24,-5,-8,0,16,-570,541,586,-1111,525,0,0,0
185,229816,21,2,-14,0,261,-645,372,906,-1017,111,0,0,0
186,231065,15,11,-17,0,466,-616,146,1082,-762,-320,0,0,0
187,232314,7,19,-18,0,603,-495,-101,1098,-394,-704,0,0,0
188,233563,0,24,-14,1,644,-305,-338,949,33,-982,0,0,0
189,234812,-8,26,-8,0,582,-69,-524,651,455,-1106,0,0,0
190,236061,-15,25,-1,0,436,181,-630,255,811,-1066,0,0,0
191,237310,-17,21,6,0,225,405,-635,-180,1040,-860,0,0,0
192,238559,-18,13,14,0,-17,569,-542,-586,1111,-525,0,0,0
193,239808,-15,5,20,0,-262,644,-373,-906,1017,-111,0,0,0
194,241057,-9,-3,23,0,-467,615,-147,-1082,762,320,0,0,0
195,242306,-1,-12,23,0,-604,494,100,-1098,394,704,0,0,0
196,243555,14,-17,20,-9,-613,311,344,-924,-33,957,0,0,0
197,244804,214,-39,-6,-163,-307,69,524,-376,-455,831,0,0,0
198,246053,473,-69,-45,-352,-204,-199,613,-5,-812,817,0,0,0
199,247302,603,-82,-72,-438,-77,-426,610,349,-1036,687,0,0,0
200,248551,543,-68,-75,-385,-54,-579,528,525,-1107,582,0,0,0
201,249800,301,-34,-54,-194,8,-653,364,661,-1017,356,0,0,0
202,251049,-77,12,-16,101,48,-617,151,665,-768,103,0,0,0
203,252298,-544,72,35,457,63,-489,-85,552,-404,-148,0,0,0
204,253547,-1030,138,100,811,98,-291,-313,389,22,-411,0,0,0
205,254796,-1442,195,164,1099,78,-44,-489,122,445,-567,0,0,0
206,256045,-1696,228,214,1266,88,213,-584,-125,797,-672,0,0,0
207,257294,-1744,231,236,1283,54,431,-585,-377,1016,-639,0,0,0
208,258543,-1581,209,230,1145,36,589,-504,-553,1093,-540,0,0,0
209,259792,-1230,167,199,867,8,662,-352,-654,1014,-360,0,0,0
210,261041,-719,106,144,486,-28,637,-143,-665,780,-115,0,0,0
211,262290,-144,27,75,54,-50,512,92,-562,420,142,0,0,0
212,263539,430,-52,-2,-361,-77,307,321,-384,-14,398,0,0,0
213,264788,893,-114,-77,-699,-71,57,498,-128,-441,569,0,0,0
214,266037,1197,-149,-135,-911,-67,-198,593,131,-791,660,0,0,0
215,267286,1292,-158,-166,-973,-47,-412,595,365,-1007,642,0,0,0
216,268535,1197,-144,-168,-880,-22,-567,511,545,-1078,533,0,0,0
217,269784,893,-106,-142,-646,4,-647,359,651,-1006,355,0,0,0
218,271033,430,-44,-92,-302,40,-628,151,668,-779,111,0,0,0
219,272282,-112,31,-28,96,66,-505,-81,571,-424,-147,0,0,0
220,273531,-616,105,44,485,83,-303,-309,386,6,-392,0,0,0
221,274780,-1063,159,117,801,85,-53,-490,138,437,-575,0,0,0
222,276029,-1354,192,174,999,75,197,-590,-122,787,-665,0,0,0
223,277278,-1449,201,204,1050,59,408,-594,-349,1002,-653,0,0,0
224,278527,-1333,185,205,947,32,563,-513,-531,1076,-545,0,0,0
225,279776,-1021,144,177,702,4,644,-362,-640,1006,-366,0,0,0
226,281025,-551,79,125,347,-27,626,-157,-653,783,-130,0,0,0
227,282274,1,0,59,-59,-53,498,76,-551,422,129,0,0,0
228,283523,544,-74,-15,-453,-67,294,304,-361,-10,371,0,0,0
229,284772,996,-131,-90,-773,-70,48,484,-118,-436,554,0,0,0
230,286021,1298,-166,-150,-977,-61,-199,583,138,-782,644,0,0,0
231,287270,1406,-177,-184,-1036,-44,-410,585,366,-995,629,0,0,0
232,288519,1301,-161,-187,-941,-19,-568,503,549,-1071,522,0,0,0
233,289768,997,-118,-159,-702,10,-649,353,659,-1002,343,0,0,0
234,291017,537,-53,-108,-356,39,-629,150,668,-779,111,0,0,0
235,292266,-2,23,-44,43,68,-504,-81,572,-423,-149,0,0,0
236,293515,-539,95,29,432,82,-304,-308,386,4,-390,0,0,0
237,294764,-993,152,104,753,86,-59,-489,145,430,-575,0,0,0
238,296013,-1296,187,165,956,77,190,-590,-113,780,-667,1,1,1
239,297262,-1398,196,198,1012,60,401,-593,-341,994,-653,1,1,1
240,298511,-1285,178,200,911,35,558,-511,-523,1069,-546,1,1,1
241,299760,-971,135,172,668,6,639,-362,-633,1001,-368,1,1,1
242,301009,-513,70,122,324,-48,618,-162,-666,780,-114,1,1,1
243,302258,-175,23,85,75,-370,499,77,-869,422,447,1,1,1
244,303507,-18,4,65,-39,-476,313,323,-789,-10,799,1,1,1
245,304756,52,0,47,-87,-517,81,511,-598,-430,1028,1,1,1
246,306005,97,-3,24,-104,-358,-173,602,-185,-775,960,1,1,1
247,307254,126,-2,-2,-107,-183,-393,603,210,-996,786,1,1,1
248,308503,128,6,-25,-94,23,-558,518,581,-1076,495,1,1,1
249,309752,106,16,-42,-65,248,-638,364,886,-1002,116,1,1,1
250,311001,79,18,-52,-31,436,-622,146,1058,-768,-290,1,1,1
251,312250,61,12,-59,-1,609,-514,-102,1123,-412,-711,1,1,1
252,313499,51,1,-57,17,650,-326,-339,976,13,-989,1,1,1
253,314748,46,-10,-48,25,616,-94,-520,710,426,-1136,1,1,1
254,315997,45,-19,-37,22,470,152,-620,318,772,-1090,1,1,1
255,317246,49,-30,-21,13,263,381,-622,-118,1003,-885,1,1,1
256,318495,54,-41,0,-1,35,550,-534,-515,1084,-569,1,1,1
257,319744,60,-46,21,-25,-210,637,-371,-847,1008,-161,1,1,1
258,320993,65,-38,35,-51,-410,619,-147,-1029,766,263,1,1,1
259,322242,68,-25,42,-74,-564,501,101,-1065,400,665,1,1,1
260,323491,69,-11,43,-91,-606,313,335,-919,-22,941,0,1,1
261,324740,71,-1,39,-99,-546,77,510,-623,-433,1056,0,1,1
262,325989,83,4,25,-103,-383,-179,601,-204,-780,984,0,1,1
263,327238,99,13,0,-103,-173,-403,601,230,-1004,774,0,1,1
264,328487,97,25,-23,-89,32,-563,518,595,-1081,486,0,1,1
265,329736,75,35,-37,-62,258,-639,356,897,-995,98,0,1,1
266,330985,51,34,-43,-32,467,-623,134,1090,-757,-333,0,1,1
267,332234,38,25,-47,-5,612,-513,-109,1125,-404,-721,0,1,1
268,333483,32,13,-48,12,662,-327,-341,989,14,-1003,0,0,0
269,334732,29,1,-42,21,607,-94,-520,701,426,-1127,0,0,0
270,335981,30,-10,-29,19,468,157,-624,311,781,-1092,0,0,0
271,337230,36,-26,-11,10,261,385,-625,-124,1010,-886,0,0,0
272,338479,41,-39,10,-3,26,554,-531,-528,1085,-557,0,0,0
273,339728,47,-42,29,-24,-218,639,-364,-857,1003,-146,0,0,0
274,340977,51,-35,40,-47,-428,621,-141,-1049,762,287,0,0,0
275,342226,53,-23,47,-68,-571,506,103,-1077,403,674,0,0,0
276,343475,53,-11,50,-83,-617,317,336,-934,-19,953,0,0,0
277,344724,54,0,44,-90,-558,78,515,-636,-437,1073,0,0,0
278,345973,64,9,27,-92,-399,-178,609,-221,-787,1008,0,0,0
279,347222,80,19,0,-90,-185,-403,606,218,-1009,791,0,0,0
280,348471,78,31,-22,-78,29,-562,521,591,-1083,492,0,0,0
281,349720,57,41,-36,-52,255,-640,358,895,-998,103,0,0,0
282,350969,36,41,-42,-25,465,-619,141,1084,-760,-324,0,0,0
283,352218,23,41,-41,-15,605,-498,-98,1103,-400,-703,0,0,0
284,353467,15,40,-32,-13,655,-310,-331,965,21,-986,0,0,0
285,354716,10,34,-19,-16,598,-83,-514,681,431,-1112,0,0,0
286,355965,11,24,-4,-22,459,167,-622,292,789,-1081,0,0,0
287,357214,17,8,9,-25,250,388,-632,-138,1020,-882,0,0,0
288,358463,24,-10,21,-26,15,551,-542,-536,1093,-557,0,0,0
289,359712,33,-28,27,-23,-233,630,-377,-863,1007,-144,0,0,0
290,360961,42,-43,28,-18,-443,604,-154,-1047,758,289,0,0,0
291,362210,50,-53,25,-12,-588,489,92,-1077,397,680,0,0,0
292,363459,54,-55,16,-7,-634,301,328,-935,-27,962,0,0,0
293,364708,58,-53,4,-1,-575,66,513,-641,-447,1088,0,0,0
294,365957,67,-48,-11,1,-418,-184,614,-234,-798,1032,0,0,0
295,367206,81,-40,-29,-2,-200,-406,618,206,-1024,818,0,0,0
296,368455,78,-23,-42,-3,17,-559,536,576,-1095,519,0,0,0
297,369704,56,0,-46,0,248,-629,374,877,-1003,126,0,0,0
298,370953,34,17,-44,0,460,-605,151,1065,-756,-309,0,0,0
299,372202,20,30,-38,-3,601,-488,-94,1089,-394,-695,0,0,0
300,373451,11,34,-29,-8,647,-303,-331,950,28,-978,0,0,0
301,374700,6,34,-17,-15,588,-72,-514,660,442,-1102,0,0,0
302,375949,7,29,-5,-23,444,177,-623,267,800,-1067,0,0,0
303,377198,11,18,6,-28,234,399,-630,-165,1029,-864,0,0,0
304,378447,17,3,18,-31,-2,563,-538,-565,1101,-536,0,0,0
305,379696,25,-10,27,-33,-251,640,-371,-891,1011,-120,0,0,0
306,380945,33,-23,30,-32,-461,613,-147,-1074,760,314,0,0,0
307,382194,39,-32,29,-27,-606,494,99,-1100,395,705,0,0,0
308,383443,43,-36,23,-22,-651,305,336,-956,-31,987,0,0,0
309,384692,46,-35,13,-16,-591,70,520,-661,-450,1111,0,0,0
310,385941,55,-34,0,-13,-433,-184,621,-249,-805,1054,0,0,0
311,387190,68,-29,-16,-15,-215,-407,624,192,-1031,839,0,0,0
312,388439,66,-15,-29,-13,4,-562,539,566,-1101,535,0,0,0
313,389688,45,3,-33,-7,237,-631,375,868,-1006,138,0,0,0
314,390937,25,19,-32,-4,450,-606,150,1056,-756,-300,0,0,0
315,392186,13,30,-29,-6,590,-489,-95,1079,-394,-685,0,0,0
316,393435,6,34,-23,-9,636,-302,-331,938,29,-967,0,0,0
317,394684,2,34,-13,-15,578,-69,-516,647,447,-1094,0,0,0
318,395933,3,30,-3,-21,433,182,-625,251,807,-1058,0,0,0
319,397182,8,20,5,-26,222,404,-630,-182,1034,-852,0,0,0
320,398431,13,7,16,-29,-16,569,-538,-585,1107,-522,0,0,0
321,399680,21,-4,23,-32,-264,645,-370,-909,1015,-106,0,0,0
322,400929,28,-15,26,-31,-474,617,-144,-1091,761,330,0,0,0
323,402178,34,-24,26,-27,-619,497,103,-1116,394,722,0,0,0
324,403427,38,-28,22,-24,-662,307,340,-969,-33,1002,0,0,0
325,404676,40,-28,14,-18,-601,71,525,-672,-454,1126,0,0,0
326,405925,47,-29,4,-14,-443,-184,626,-259,-810,1069,0,0,0
327,407174,60,-26,-10,-15,-224,-407,628,183,-1035,852,0,0,0
328,408423,58,-14,-21,-13,-5,-563,542,558,-1105,547,0,0,0
329,409672,38,1,-24,-7,230,-633,377,863,-1010,147,0,0,0
330,410921,20,16,-24,-3,442,-607,151,1049,-758,-291,0,0,0
331,412170,9,27,-23,-4,584,-489,-94,1073,-395,-678,0,0,0
332,413419,3,31,-19,-7,630,-301,-331,931,30,-961,0,0,0
333,414668,0,32,-11,-12,575,-68,-517,643,449,-1092,0,0,0
334,415917,0,30,-3,-19,429,184,-626,245,810,-1055,0,0,0
335,417166,5,22,4,-24,219,406,-631,-187,1037,-850,0,0,0
336,418415,11,10,13,-27,-22,571,-540,-593,1111,-518,0,0,0
337,419664,19,0,20,-30,-270,647,-371,-917,1018,-101,0,0,0
338,420913,25,-10,23,-30,-480,618,-144,-1098,762,336,0,0,0
339,422162,31,-19,24,-27,-622,498,104,-1120,394,726,0,0,0
340,423411,34,-24,21,-23,-665,307,342,-972,-35,1007,0,0,0
341,424660,36,-25,15,-18,-603,70,526,-673,-456,1129,0,0,0
342,425909,42,-26,6,-14,-447,-184,628,-263,-812,1075,0,0,0
343,427158,54,-24,-7,-14,-228,-408,629,180,-1037,857,0,0,0
344,428407,52,-14,-17,-12,-9,-565,543,556,-1108,552,0,0,0
345,429656,33,1,-20,-5,228,-635,378,863,-1013,150,0,0,0
346,430905,16,15,-21,-1,442,-609,151,1051,-760,-291,0,0,0
347,432154,6,25,-21,-2,585,-491,-95,1076,-396,-680,0,0,0
348,433403,0,29,-17,-4,631,-302,-332,933,30,-963,0,0,0
349,434652,-2,31,-11,-9,576,-69,-518,645,449,-1094,0,0,0
350,435901,0,29,-4,-16,432,183,-627,249,810,-1059,0,0,0
351,437150,4,22,2,-21,221,407,-633,-186,1040,-854,0,0,0
352,438399,10,11,11,-25,-22,571,-541,-593,1112,-519,0,0,0
353,439648,16,1,18,-29,-270,647,-372,-917,1019,-102,0,0,0
354,440897,23,-8,22,-29,-479,618,-145,-1097,763,334,0,0,0
355,442146,28,-17,23,-27,-621,497,103,-1118,394,724,0,0,0
356,443395,31,-22,21,-23,-663,306,341,-969,-35,1004,0,0,0
357,444644,34,-24,16,-18,-600,70,526,-670,-456,1126,0,0,0
358,445893,38,-25,7,-13,-445,-184,628,-261,-812,1073,0,0,0
359,447142,49,-23,-4,-13,-225,-409,629,184,-1038,854,0,0,0
360,448391,47,-14,-15,-9,-6,-567,542,561,-1109,548,0,0,0
361,449640,29,0,-18,-2,232,-638,377,870,-1015,145,0,0,0
362,450889,13,13,-19,0,446,-610,150,1056,-760,-296,0,0,0
363,452138,4,24,-20,0,590,-494,-97,1084,-397,-687,0,0,0
364,453387,0,28,-17,-2,636,-304,-333,940,29,-969,0,0,0
365,454636,-3,30,-11,-7,582,-70,-521,652,451,-1103,0,0,0
366,455885,-1,29,-5,-13,438,182,-630,256,812,-1068,0,0,0
367,457134,3,22,1,-19,226,406,-635,-180,1041,-861,0,0,0
368,458383,9,12,9,-23,-17,570,-543,-587,1113,-526,0,0,0
369,459632,15,2,16,-26,-265,646,-374,-911,1020,-109,0,0,0
370,460881,22,-7,20,-27,-474,617,-147,-1091,764,327,0,0,0
371,462130,27,-15,22,-25,-616,496,102,-1112,394,718,0,0,0
372,463379,29,-20,20,-21,-658,305,340,-963,-35,998,0,0,0
373,464628,31,-22,16,-17,-595,68,525,-663,-457,1120,0,0,0
374,465877,36,-24,8,-12,-440,-185,628,-255,-813,1068,0,0,0
375,467126,46,-22,-3,-11,-221,-411,629,190,-1040,850,0,0,0
376,468375,44,-13,-13,-8,0,-569,542,569,-1111,542,0,0,0
377,469624,26,0,-16,-1,239,-640,375,879,-1015,136,0,0,0
378,470873,11,13,-17,1,452,-613,148,1065,-761,-304,0,0,0
379,472122,2,22,-18,1,596,-496,-98,1092,-398,-694,0,0,0
380,473371,-2,27,-16,0,642,-306,-335,948,29,-977,0,0,0
381,474620,-4,29,-10,-5,588,-72,-523,660,451,-1111,0,0,0
382,475869,-2,28,-4,-12,445,180,-631,265,811,-1076,0,0,0
383,477118,2,22,1,-17,233,404,-637,-171,1041,-870,0,0,0
384,478367,8,12,9,-22,-10,569,-545,-579,1114,-535,0,0,0
385,479616,14,2,16,-25,-258,645,-376,-903,1021,-118,0,0,0
386,480865,21,-6,20,-26,-468,616,-149,-1084,765,319,0,0,0
387,482114,26,-14,21,-24,-609,495,100,-1104,395,709,0,0,0
388,483363,28,-19,19,-20,-652,304,339,-956,-35,991,0,0,0
389,484612,30,-21,15,-15,-590,68,524,-658,-456,1114,0,0,0
390,485861,33,-22,8,-11,-435,-186,627,-249,-813,1062,0,0,0
391,487110,42,-21,-2,-10,-216,-412,629,196,-1041,845,0,0,0
392,488359,40,-12,-12,-7,6,-570,541,576,-1111,535,0,0,0
393,489608,23,0,-15,0,246,-642,375,888,-1017,129,0,0,0
394,490857,9,12,-16,2,459,-615,147,1074,-762,-312,0,0,0
395,492106,1,22,-17,2,603,-497,-99,1100,-398,-702,0,0,0
396,493355,-3,26,-15,0,648,-308,-337,956,29,-985,0,0,0
397,494604,-5,28,-9,-4,593,-73,-524,666,451,-1117,0,0,0
398,495853,-3,27,-4,-10,450,179,-633,271,812,-1083,0,0,0
399,497102,1,21,1,-16,238,403,-638,-165,1041,-876,0,0,0
400,498351,7,12,9,-20,-5,568,-545,-573,1113,-540,0,0,0
401,499600,13,2,15,-24,-253,644,-377,-897,1021,-124,0,0,0
402,500849,20,-5,19,-25,-462,615,-150,-1077,765,312,0,0,0
403,502098,25,-14,21,-23,-605,494,99,-1099,395,704,0,0,0
404,503347,27,-19,19,-19,-647,303,337,-950,-34,984,0,0,0
405,504596,29,-21,15,-15,-586,67,523,-653,-456,1109,0,0,0
406,505845,31,-22,8,-10,-433,-187,627,-246,-814,1060,0,0,0
407,507094,39,-20,-2,-8,-213,-413,628,200,-1041,841,0,0,0
408,508343,37,-12,-11,-5,10,-571,541,581,-1112,531,0,0,0
409,509592,21,0,-14,1,251,-643,374,894,-1017,123,0,0,0
410,510841,7,12,-15,4,463,-616,146,1079,-762,-317,0,0,0
411,512090,0,21,-16,3,606,-497,-100,1103,-397,-706,0,0,0
412,513339,-4,26,-14,1,652,-308,-338,960,30,-990,0,0,0
413,514588,-6,27,-10,-3,596,-74,-525,670,451,-1121,0,0,0
414,515837,-4,27,-5,-9,453,179,-633,274,812,-1086,0,0,0
415,517086,0,21,0,-14,241,403,-639,-162,1042,-880,0,0,0
416,518335,6,12,8,-19,-2,568,-546,-570,1114,-544,0,0,0
417,519584,13,3,15,-22,-251,644,-377,-895,1021,-126,0,0,0
418,520833,19,-5,18,-24,-460,616,-150,-1076,766,310,0,0,0
419,522082,24,-13,20,-22,-602,495,98,-1097,397,700,0,0,0
420,523331,26,-18,19,-18,-645,303,337,-948,-34,982,0,0,0
421,524580,27,-20,15,-14,-586,67,523,-653,-456,1109,0,0,0
422,525829,29,-21,9,-8,-433,-186,627,-247,-813,1060,0,0,0
423,527078,37,-20,-1,-7,-213,-413,629,200,-1042,842,0,0,0
424,528327,35,-12,-9,-4,11,-571,541,582,-1112,530,0,0,0
425,529576,19,0,-13,2,253,-644,374,897,-1018,121,0,0,0
426,530825,6,11,-14,5,465,-616,146,1081,-762,-319,0,0,0
427,532074,0,21,-16,5,608,-497,-100,1105,-397,-708,0,0,0
428,533323,-4,25,-14,2,652,-308,-338,960,30,-990,0,0,0
429,534572,-6,27,-10,-1,596,-73,-525,669,452,-1121,0,0,0
430,535821,-4,27,-5,-8,453,179,-633,274,812,-1086,0,0,0
431,537070,0,21,0,-13,241,403,-639,-162,1042,-880,0,0,0
432,538319,6,12,8,-18,0,569,-546,-569,1115,-546,0,0,0
433,539568,12,4,14,-22,-250,645,-377,-895,1022,-127,0,0,0
434,540817,18,-4,17,-23,-460,616,-150,-1076,766,310,0,0,0
435,542066,22,-12,20,-21,-603,496,99,-1099,397,702,0,0,0
436,543315,25,-17,19,-18,-646,304,338,-950,-34,984,0,0,0
437,544564,26,-20,15,-13,-587,68,523,-655,-455,1110,0,0,0
438,545813,28,-21,9,-8,-436,-186,628,-250,-814,1064,0,0,0
439,547062,35,-19,0,-6,-215,-412,630,197,-1042,845,0,0,0
440,548311,33,-12,-8,-2,10,-571,542,581,-1113,532,0,0,0
441,549560,17,0,-11,3,252,-644,375,896,-1019,123,0,0,0
442,550809,5,11,-13,6,464,-616,147,1080,-763,-317,0,0,0
443,552058,-1,20,-15,6,606,-497,-100,1103,-397,-706,0,0,0
444,553307,-5,24,-14,3,651,-308,-338,959,30,-989,0,0,0
445,554556,-7,27,-10,0,595,-73,-524,668,451,-1119,0,0,0
446,555805,-4,26,-5,-7,451,179,-633,272,812,-1084,0,0,0
447,557054,0,21,0,-12,239,404,-639,-165,1043,-878,0,0,0
448,558303,5,13,7,-17,-3,569,-546,-572,1115,-543,0,0,0
449,559552,11,4,13,-21,-252,646,-377,-898,1023,-125,0,0,0
450,560801,18,-4,17,-22,-462,617,-150,-1079,767,312,0,0,0
451,562050,22,-11,19,-20,-605,496,99,-1101,397,704,0,0,0
452,563299,24,-17,18,-17,-648,305,338,-953,-33,986,0,0,0
453,564548,25,-19,15,-12,-590,69,524,-659,-455,1114,0,0,0
454,565797,26,-20,10,-7,-439,-185,629,-254,-814,1068,0,0,0
455,567046,33,-19,0,-5,-219,-411,631,192,-1042,850,0,0,0
456,568295,31,-11,-7,-2,7,-570,543,577,-1113,536,0,0,0
457,569544,16,0,-11,4,250,-643,376,893,-1019,126,0,0,0
458,570793,4,10,-13,7,461,-616,148,1077,-764,-313,0,0,0
459,572042,-2,19,-15,6,604,-497,-99,1101,-398,-703,0,0,0
460,573291,-6,24,-14,4,649,-307,-337,956,30,-986,0,0,0
461,574540,-7,26,-10,0,592,-72,-524,664,452,-1116,0,0,0
462,575789,-5,26,-5,-6,448,180,-633,268,813,-1081,0,0,0
463,577038,0,21,0,-11,236,405,-638,-169,1043,-874,0,0,0
464,578287,5,13,7,-16,-5,570,-545,-575,1115,-540,0,0,0
465,579536,11,4,13,-20,-255,646,-376,-901,1022,-121,0,0,0
466,580785,17,-4,16,-21,-464,618,-149,-1082,767,315,0,0,0
467,582034,21,-11,19,-19,-608,498,99,-1106,399,707,0,0,0
468,583283,24,-16,18,-16,-651,306,338,-957,-32,989,0,0,0
469,584532,25,-19,15,-12,-593,70,525,-663,-455,1118,0,0,0
470,585781,25,-19,9,-6,-443,-184,630,-259,-814,1073,0,0,0
471,587030,31,-18,0,-4,-222,-410,632,188,-1042,854,0,0,0
472,588279,29,-10,-7,0,4,-570,544,574,-1114,540,0,0,0
473,589528,14,0,-11,5,248,-643,377,891,-1020,129,0,0,0
474,590777,3,11,-13,8,459,-615,149,1074,-764,-310,0,0,0
475,592026,-3,19,-15,7,602,-497,-98,1099,-399,-700,0,0,0
476,593275,-6,24,-13,5,646,-307,-336,953,29,-982,0,0,0
477,594524,-7,26,-9,0,590,-72,-523,662,451,-1113,0,0,0
478,595773,-6,25,-5,-5,446,180,-633,266,813,-1079,0,0,0
479,597022,0,21,0,-11,234,405,-638,-171,1043,-872,0,0,0
480,598271,4,12,7,-15,-7,571,-545,-578,1116,-538,0,0,0
481,599520,11,4,13,-19,-257,647,-376,-904,1023,-119,0,0,0
482,600769,17,-4,17,-20,-467,619,-149,-1086,768,318,0,0,0
483,602018,21,-12,19,-19,-610,498,100,-1108,398,710,0,0,0
484,603267,23,-16,18,-16,-654,307,339,-961,-32,993,0,0,0
485,604516,24,-19,15,-11,-595,70,525,-665,-455,1120,0,0,0
486,605765,25,-19,9,-6,-446,-183,631,-263,-814,1077,0,0,0
487,607014,30,-17,0,-4,-225,-410,633,185,-1043,858,0,0,0
488,608263,27,-10,-7,0,1,-570,545,571,-1115,544,0,0,0
489,609512,13,0,-10,5,246,-643,377,889,-1020,131,0,0,0
490,610761,2,11,-12,8,457,-615,149,1072,-764,-308,0,0,0
491,612010,-3,19,-14,7,601,-497,-98,1098,-399,-699,0,0,0
492,613259,-7,24,-13,5,645,-307,-336,952,29,-981,0,0,0
493,614508,-8,25,-8,1,589,-72,-523,661,451,-1112,0,0,0
494,615757,-6,25,-4,-5,445,180,-632,265,812,-1077,0,0,0
495,617006,0,20,0,-10,233,405,-638,-172,1043,-871,0,0,0
496,618255,4,12,8,-15,-9,571,-545,-580,1116,-536,0,0,0
497,619504,10,3,13,-18,-259,647,-376,-906,1023,-117,0,0,0
498,620753,17,-4,16,-19,-468,619,-149,-1087,768,319,0,0,0
499,622002,21,-12,18,-18,-611,498,100,-1109,398,711,0,0,0
500,623251,23,-16,18,-15,-655,307,339,-962,-32,994,0,0,0
501,624500,24,-18,14,-10,-596,71,525,-667,-454,1121,0,0,0
502,625749,24,-18,8,-5,-447,-182,631,-265,-813,1078,0,0,0
503,626998,29,-16,0,-3,-226,-409,634,183,-1043,860,0,0,0
504,628247,26,-9,-7,0,1,-570,545,571,-1115,544,0,0,0
505,629496,12,1,-10,6,246,-644,377,890,-1021,131,0,0,0
506,630745,1,11,-12,8,457,-616,150,1073,-766,-307,0,0,0
507,631994,-4,19,-14,8,600,-497,-97,1097,-400,-697,0,0,0
508,633243,-8,24,-12,5,645,-307,-336,952,29,-981,0,0,0
509,634492,-9,25,-8,1,589,-72,-523,661,451,-1112,0,0,0
510,635741,-6,25,-3,-5,445,180,-632,265,812,-1077,0,0,0
511,636990,-1,19,1,-10,233,405,-638,-172,1043,-871,0,0,0
512,638239,4,11,8,-14,-9,571,-546,-580,1117,-537,0,0,0
513,639488,10,3,13,-18,-259,647,-376,-906,1023,-117,0,0,0
514,640737,16,-4,17,-19,-468,619,-149,-1087,768,319,0,0,0
515,641986,21,-12,18,-17,-611,498,99,-1109,399,710,0,0,0
516,643235,23,-16,17,-14,-655,307,339,-962,-32,994,0,0,0
517,644484,23,-18,13,-10,-595,71,525,-666,-454,1120,0,0,0
518,645733,23,-18,8,-5,-447,-182,631,-265,-813,1078,0,0,0
519,646982,28,-16,0,-2,-227,-409,634,182,-1043,861,0,0,0
520,648231,25,-8,-7,0,1,-570,545,571,-1115,544,0,0,0
521,649480,11,2,-10,6,247,-644,377,891,-1021,130,0,0,0
522,650729,0,12,-12,8,457,-616,149,1073,-765,-308,0,0,0
523,651978,-5,19,-13,8,601,-498,-98,1099,-400,-699,0,0,0
524,653227,-8,23,-12,6,646,-308,-336,954,28,-982,0,0,0
525,654476,-9,25,-8,1,590,-73,-523,663,450,-1113,0,0,0
526,655725,-7,24,-3,-4,446,179,-633,267,812,-1079,0,0,0
527,656974,-1,19,1,-9,234,405,-639,-171,1044,-873,0,0,0
528,658223,3,11,8,-14,-8,570,-546,-578,1116,-538,0,0,0
529,659472,10,2,14,-17,-258,647,-377,-905,1024,-119,0,0,0
530,660721,16,-5,16,-18,-467,619,-150,-1086,769,317,0,0,0
531,661970,20,-12,18,-17,-610,498,99,-1108,399,709,0,0,0
532,663219,22,-16,17,-14,-654,307,338,-961,-31,992,0,0,0
533,664468,23,-18,13,-9,-595,71,525,-666,-454,1120,0,0,0
534,665717,23,-18,8,-4,-447,-182,631,-265,-813,1078,0,0,0
535,666966,27,-15,0,-2,-226,-409,634,183,-1043,860,0,0,0
536,668215,23,-7,-7,1,2,-570,545,572,-1115,543,0,0,0
537,669464,10,2,-10,6,248,-645,377,893,-1022,129,0,0,0
538,670713,0,12,-12,9,459,-617,149,1076,-766,-310,0,0,0
539,671962,-5,20,-13,8,602,-499,-98,1101,-401,-700,0,0,0
540,673211,-8,23,-11,6,647,-309,-337,956,28,-984,0,0,0
541,674460,-9,25,-7,1,591,-73,-524,664,451,-1115,0,0,0
542,675709,-7,24,-3,-4,448,179,-633,269,812,-1081,0,0,0
543,676958,-2,19,1,-9,235,404,-639,-169,1043,-874,0,0,0
544,678207,3,11,8,-14,-7,570,-546,-577,1116,-539,0,0,0
